42145	2596.24	55.516
42177	2596.24	51.694
42206	2596.24	43.613
42237	2596.24	40.655
42268	2596.24	38.745
42298	2596.24	37.115
42331	2596.24	35.794
42359	2596.24	34.905
42390	2596.24	33.931
42422	2596.24	33.11
42450	2596.24	32.562
42481	2596.24	32.506
42513	2596.24	32.457
42542	2596.24	32.324
42572	2596.24	31.626
42604	2596.24	30.961
42634	2596.24	30.431
42664	2596.24	30.095
42695	2596.24	29.78
42725	2596.24	29.457
42758	2596.24	28.888
42787	2596.24	28.427
42815	2596.24	28.028
42846	2596.24	27.724
42145	2920.78	51.07
42177	2920.78	47.459
42206	2920.78	40.417
42237	2920.78	37.782
42268	2920.78	36.086
42298	2920.78	34.654
42331	2920.78	33.497
42359	2920.78	32.72
42390	2920.78	31.871
42422	2920.78	31.158
42450	2920.78	30.683
42481	2920.78	30.641
42513	2920.78	30.604
42542	2920.78	30.495
42572	2920.78	29.907
42604	2920.78	29.35
42634	2920.78	28.906
42664	2920.78	28.625
42695	2920.78	28.363
42725	2920.78	28.093
42758	2920.78	27.611
42787	2920.78	27.22
42815	2920.78	26.886
42846	2920.78	26.646
42145	3245.31	46.741
42177	3245.31	43.332
42206	3245.31	37.332
42237	3245.31	35.014
42268	3245.31	33.529
42298	3245.31	32.295
42331	3245.31	31.3
42359	3245.31	30.633
42390	3245.31	29.909
42422	3245.31	29.302
42450	3245.31	28.899
42481	3245.31	28.87
42513	3245.31	28.845
42542	3245.31	28.76
42572	3245.31	28.282
42604	3245.31	27.829
42634	3245.31	27.47
42664	3245.31	27.244
42695	3245.31	27.033
42725	3245.31	26.814
42758	3245.31	26.416
42787	3245.31	26.094
42815	3245.31	25.822
42846	3245.31	25.645
42145	3569.84	42.453
42177	3569.84	39.244
42206	3569.84	34.31
42237	3569.84	32.309
42268	3569.84	31.035
42298	3569.84	30.001
42331	3569.84	29.17
42359	3569.84	28.615
42390	3569.84	28.016
42422	3569.84	27.515
42450	3569.84	27.184
42481	3569.84	27.17
42513	3569.84	27.157
42542	3569.84	27.095
42572	3569.84	26.727
42604	3569.84	26.379
42634	3569.84	26.104
42664	3569.84	25.931
42695	3569.84	25.77
42725	3569.84	25.602
42758	3569.84	25.287
42787	3569.84	25.033
42815	3569.84	24.821
42846	3569.84	24.706
42145	3894.37	38.132
42177	3894.37	35.131
42206	3894.37	31.307
42237	3894.37	29.629
42268	3894.37	28.569
42298	3894.37	27.741
42331	3894.37	27.079
42359	3894.37	26.64
42390	3894.37	26.169
42422	3894.37	25.776
42450	3894.37	25.519
42481	3894.37	25.518
42513	3894.37	25.518
42542	3894.37	25.481
42572	3894.37	25.224
42604	3894.37	24.982
42634	3894.37	24.792
42664	3894.37	24.672
42695	3894.37	24.562
42725	3894.37	24.443
42758	3894.37	24.211
42787	3894.37	24.024
42815	3894.37	23.873
42846	3894.37	23.817
42145	4218.9	33.695
42177	4218.9	30.93
42206	4218.9	28.282
42237	4218.9	26.935
42268	4218.9	26.095
42298	4218.9	25.487
42331	4218.9	25.003
42359	4218.9	24.683
42390	4218.9	24.346
42422	4218.9	24.066
42450	4218.9	23.884
42481	4218.9	23.899
42513	4218.9	23.911
42542	4218.9	23.899
42572	4218.9	23.758
42604	4218.9	23.625
42634	4218.9	23.521
42664	4218.9	23.456
42695	4218.9	23.395
42725	4218.9	23.326
42758	4218.9	23.178
42787	4218.9	23.059
42815	4218.9	22.968
42846	4218.9	22.97
42145	4543.43	29.046
42177	4543.43	26.6
42206	4543.43	25.194
42237	4543.43	24.188
42268	4543.43	23.574
42298	4543.43	23.205
42331	4543.43	22.913
42359	4543.43	22.722
42390	4543.43	22.527
42422	4543.43	22.366
42450	4543.43	22.264
42481	4543.43	22.294
42513	4543.43	22.321
42542	4543.43	22.336
42572	4543.43	22.316
42604	4543.43	22.297
42634	4543.43	22.282
42664	4543.43	22.271
42695	4543.43	22.261
42725	4543.43	22.243
42758	4543.43	22.18
42787	4543.43	22.13
42815	4543.43	22.1
42846	4543.43	22.161
42145	4867.96	24.087
42177	4867.96	22.228
42206	4867.96	22.008
42237	4867.96	21.343
42268	4867.96	20.957
42298	4867.96	20.857
42331	4867.96	20.779
42359	4867.96	20.73
42390	4867.96	20.69
42422	4867.96	20.658
42450	4867.96	20.642
42481	4867.96	20.69
42513	4867.96	20.731
42542	4867.96	20.774
42572	4867.96	20.885
42604	4867.96	20.988
42634	4867.96	21.067
42664	4867.96	21.11
42695	4867.96	21.151
42725	4867.96	21.185
42758	4867.96	21.211
42787	4867.96	21.232
42815	4867.96	21.265
42846	4867.96	21.383
42145	5187	18.893
42177	5187	18.429
42206	5187	18.756
42237	5187	18.363
42268	5187	18.17
42298	5187	18.392
42331	5187	18.562
42359	5187	18.675
42390	5187	18.811
42422	5187	18.922
42450	5187	19.001
42481	5187	19.067
42513	5187	19.124
42542	5187	19.2
42572	5187	19.455
42604	5187	19.69
42634	5187	19.869
42664	5187	19.968
42695	5187	20.059
42725	5187	20.145
42758	5187	20.266
42787	5187	20.362
42815	5187	20.459
42846	5187	20.634
42145	5517.02	15.98
42177	5517.02	16.308
42206	5517.02	15.965
42237	5517.02	15.952
42268	5517.02	15.973
42298	5517.02	16.2
42331	5517.02	16.375
42359	5517.02	16.513
42390	5517.02	16.857
42422	5517.02	17.134
42450	5517.02	17.32
42481	5517.02	17.407
42513	5517.02	17.482
42542	5517.02	17.594
42572	5517.02	18.016
42604	5517.02	18.401
42634	5517.02	18.691
42664	5517.02	18.842
42695	5517.02	18.98
42725	5517.02	19.118
42758	5517.02	19.341
42787	5517.02	19.517
42815	5517.02	19.682
42846	5517.02	19.914
42145	5841.55	15.937
42177	5841.55	15.843
42206	5841.55	15.396
42237	5841.55	15.894
42268	5841.55	16.133
42298	5841.55	15.901
42331	5841.55	15.719
42359	5841.55	15.649
42390	5841.55	15.968
42422	5841.55	16.226
42450	5841.55	16.368
42481	5841.55	16.156
42513	5841.55	15.969
42542	5841.55	15.936
42572	5841.55	16.575
42604	5841.55	17.149
42634	5841.55	17.569
42664	5841.55	17.753
42695	5841.55	17.92
42725	5841.55	18.097
42758	5841.55	18.436
42787	5841.55	18.702
42815	5841.55	18.942
42846	5841.55	19.227
42145	6166.08	16.263
42177	6166.08	16.261
42206	6166.08	16.851
42237	6166.08	16.536
42268	6166.08	16.371
42298	6166.08	16.451
42331	6166.08	16.512
42359	6166.08	16.644
42390	6166.08	17.497
42422	6166.08	18.167
42450	6166.08	18.536
42481	6166.08	18.04
42513	6166.08	17.598
42542	6166.08	17.27
42572	6166.08	17.112
42604	6166.08	16.963
42634	6166.08	16.868
42664	6166.08	16.919
42695	6166.08	16.966
42725	6166.08	17.078
42758	6166.08	17.557
42787	6166.08	17.93
42815	6166.08	18.256
42846	6166.08	18.59
42145	6490.61	16.671
42177	6490.61	16.96
42206	6490.61	18.741
42237	6490.61	17.357
42268	6490.61	16.594
42298	6490.61	16.955
42331	6490.61	17.231
42359	6490.61	17.538
42390	6490.61	18.842
42422	6490.61	19.848
42450	6490.61	20.416
42481	6490.61	19.871
42513	6490.61	19.385
42542	6490.61	18.961
42572	6490.61	18.338
42604	6490.61	17.739
42634	6490.61	17.277
42664	6490.61	17.087
42695	6490.61	16.91
42725	6490.61	16.834
42758	6490.61	17.173
42787	6490.61	17.438
42815	6490.61	17.689
42846	6490.61	18.054
42145	6815.14	17.094
42177	6815.14	17.718
42206	6815.14	20.55
42237	6815.14	18.172
42268	6815.14	16.804
42298	6815.14	17.421
42331	6815.14	17.888
42359	6815.14	18.347
42390	6815.14	20.038
42422	6815.14	21.326
42450	6815.14	22.057
42481	6815.14	21.468
42513	6815.14	20.943
42542	6815.14	20.454
42572	6815.14	19.548
42604	6815.14	18.665
42634	6815.14	17.994
42664	6815.14	17.809
42695	6815.14	17.636
42725	6815.14	17.5
42758	6815.14	17.446
42787	6815.14	17.403
42815	6815.14	17.417
42846	6815.14	17.766
42145	7139.67	17.51
42177	7139.67	18.469
42206	7139.67	22.2
42237	7139.67	18.943
42268	7139.67	17.001
42298	7139.67	17.855
42331	7139.67	18.493
42359	7139.67	19.087
42390	7139.67	21.116
42422	7139.67	22.645
42450	7139.67	23.515
42481	7139.67	22.888
42513	7139.67	22.328
42542	7139.67	21.784
42572	7139.67	20.652
42604	7139.67	19.54
42634	7139.67	18.693
42664	7139.67	18.496
42695	7139.67	18.313
42725	7139.67	18.141
42758	7139.67	17.913
42787	7139.67	17.729
42815	7139.67	17.622
42846	7139.67	17.877
42145	7464.2	17.91
42177	7464.2	19.19
42206	7464.2	23.699
42237	7464.2	19.664
42268	7464.2	17.188
42298	7464.2	18.259
42331	7464.2	19.053
42359	7464.2	19.768
42390	7464.2	22.096
42422	7464.2	23.837
42450	7464.2	24.829
42481	7464.2	24.167
42513	7464.2	23.576
42542	7464.2	22.984
42572	7464.2	21.66
42604	7464.2	20.349
42634	7464.2	19.35
42664	7464.2	19.138
42695	7464.2	18.94
42725	7464.2	18.751
42758	7464.2	18.484
42787	7464.2	18.269
42815	7464.2	18.118
42846	7464.2	18.236
42145	7788.73	18.293
42177	7788.73	19.873
42206	7788.73	25.064
42237	7788.73	20.336
42268	7788.73	17.364
42298	7788.73	18.638
42331	7788.73	19.574
42359	7788.73	20.399
42390	7788.73	22.996
42422	7788.73	24.925
42450	7788.73	26.025
42481	7788.73	25.331
42513	7788.73	24.712
42542	7788.73	24.077
42572	7788.73	22.584
42604	7788.73	21.099
42634	7788.73	19.963
42664	7788.73	19.735
42695	7788.73	19.523
42725	7788.73	19.325
42758	7788.73	19.065
42787	7788.73	18.855
42815	7788.73	18.696
42846	7788.73	18.719
